6 6
1
0 2
0 5
0 0 0 0 1 0 
0 0 1 1 1 0 
0 0 0 0 1 0 
0 0 0 0 0 0 
0 0 0 0 0 0 
0 0 0 0 0 0 
3
0 5
1 4
0 1
9
0 5 0
0 2 3
0 3 2
0 1 4
0 4 1
1 4 1.41421
0 4 1
0 3 2
0 2 3
3
0 3
0 4
0 5
1
4
2 0
2 2
3 1
1 0
14
0 3 2
1 1 4.41421
0 0 5
2 1 4.82843
1 0 5.41421
3 1 5.24264
2 2 3.82843
2 0 5.82843
0 0 6.41421
0 1 6.82843
0 2 7.82843
1 1 5.82843
2 1 4.82843
0 3 8.82843
5
0 2
0 1
1 1
2 1
2 2
5
6
3 5
3 3
3 4
2 1
0 5
3 2
14
2 2 3.82843
3 2 4.24264
2 3 2.82843
3 3 3.82843
2 4 2.41421
3 4 3.41421
2 5 2
3 5 3
1 5 1
2 5 2
1 5 1
2 4 3
2 3 4
2 2 5
5
2 3
2 4
2 5
1 5
0 5
1
6
4 5
4 4
0 5
3 2
4 3
2 2
10
2 3 4
4 3 4.82843
4 4 4.41421
4 5 4
3 5 3
2 5 2
3 4 4
1 5 1
3 3 5
2 3 6
6
3 3
3 4
3 5
2 5
1 5
0 5
6
